16 32 48 24 16 7 3 6 3 

4.06052 -0.291826 3.46694 3.67795 5.86714 -3.21805 -1.12318 1.00664 -2.19171 -0.955297 0.618658 1.11381 -2.75408 -0.48734 4.79458 1.15586 1.91607 2.07671 -1.42393 1.17108 -5.84686 -4.26674 -1.64405 4.40452 -4.28759 -0.518804 -5.37223 -5.30892 5.21219 -0.289416 0.343515 3.22271 
0.968758 -1.03954 2.35066 0.785902 -0.00759182 4.87748 -1.85746 1.7507 -0.927816 0.911197 -1.08549 5.3681 -1.12614 -2.94091 4.37397 4.43993 -3.0142 3.60004 -0.138994 -4.01106 -2.5167 0.0669551 5.54347 -1.65428 -3.20185 -4.67877 -1.5132 -2.53965 -4.91818 5.78032 4.03306 2.70058 
-2.20923 -2.66628 -0.463521 1.73318 0.0611987 2.22902 1.03388 -3.91662 1.29021 5.3984 2.70149 0.814071 -1.79251 3.42546 -0.496002 -1.75671 2.7755 -3.685 -0.617769 4.5088 3.03196 -2.3243 -1.69548 6.48011 0.846931 1.34132 4.89046 3.47875 0.771638 2.87351 0.129326 3.11241 
-0.74277 4.81581 0.895595 2.66843 0.994823 -3.52052 4.80181 4.43504 -3.57213 2.0533 1.59911 -0.814638 -0.571244 -2.54689 2.27865 -3.54574 -2.28189 -2.58912 -1.78694 -0.499932 0.536578 0.167581 -3.96982 4.73351 -6.0411 -2.12937 0.962259 1.68054 3.19415 5.34159 1.14295 -1.19862 
3.50739 -0.111451 -3.08019 -3.94779 1.51803 -1.92838 -2.56275 0.0958977 -3.22508 2.98636 -1.66874 1.65367 -5.91054 1.85991 -4.64207 -2.44243 -5.27921 -3.37901 2.80764 0.40737 1.93857 5.78782 1.19088 1.64747 -4.19155 -3.59686 0.278013 -4.6474 -4.30528 -3.12903 -0.696024 1.65211 
-0.190485 3.47378 -3.84567 -2.02246 5.4954 -5.45842 3.52344 -4.67969 5.97794 -3.8953 3.32399 -4.4826 -3.88539 5.63191 0.624976 -3.7146 -3.4971 -2.31738 3.94277 2.99147 -2.87956 0.283648 -1.41106 0.778893 0.936787 -5.08305 1.58149 2.38151 -0.662081 4.53547 -1.11638 2.19743 
1.95925 1.98795 -4.97503 3.80465 2.27953 3.99841 5.77496 4.60747 5.55311 1.54895 6.17487 3.81772 1.73086 1.34985 -3.84688 4.58376 1.78246 -3.25411 2.42523 -3.2471 1.57953 -2.33583 3.5818 -3.53368 -1.36888 -2.08671 -3.30217 0.419038 -4.80124 1.33146 0.166472 5.30801 
-1.83059 0.941447 3.66265 -4.10106 -0.210141 3.38762 3.25641 -1.60703 -0.813438 3.08128 -2.63931 -7.23258 -2.81888 1.3638 4.30118 -2.88641 0.25969 -1.42359 -0.983512 -1.81078 0.790574 -2.85172 1.00554 -5.72831 -0.0884284 3.45338 1.94073 4.16033 -0.665168 -3.6428 -0.781666 -0.945759 
2.14865 -3.16901 2.20318 -2.91149 3.8686 0.609588 2.13148 -2.09484 -0.859136 -5.95784 -1.77741 2.97199 3.25597 -3.52624 -3.26443 -0.734343 0.200172 0.30206 3.50488 -2.35925 3.80034 -2.43957 -1.73756 -3.83808 4.9638 -5.54683 3.37224 -1.75137 -2.83963 -0.459423 6.05287 3.85902 
3.32156 5.50606 -4.20247 1.74017 -0.534357 1.879 4.49533 3.45651 4.07117 -3.63208 2.17849 0.377135 -1.40832 1.66407 4.49279 5.74185 -0.483874 0.747672 -4.7674 -1.83353 2.5581 -1.35496 -0.521614 2.9719 -1.7518 -2.29937 -3.92947 0.858575 1.19121 -1.52659 1.36759 -0.637229 
4.02946 2.31512 -2.24706 -4.65489 1.44413 -3.50173 -3.34839 -0.834707 -1.08382 5.78011 4.09243 0.857866 3.19417 3.43522 -1.25028 -2.1397 -0.967109 2.13232 2.07677 -0.859011 -4.97265 -5.09484 -4.83711 1.42556 -0.444215 -1.81658 -3.16587 -4.70301 0.00682963 4.25173 1.30976 -3.51371 
1.11685 2.7127 -2.4186 -4.08902 5.26097 1.48301 -0.0737321 -2.77285 0.61312 -0.831305 3.83502 -0.142707 -1.94609 -2.26526 3.76759 1.3368 5.31706 -2.90564 2.02779 -3.90559 1.04952 -5.25932 2.36997 2.4553 -3.1259 -3.8459 3.20229 3.53093 -3.84417 -0.037946 4.86723 3.32268 
-2.17525 0.298625 4.38366 -2.66428 -3.06836 -1.44008 0.912875 0.894758 3.17862 -2.50211 -4.39795 -4.51747 0.682633 3.31964 2.56934 1.44969 -3.536 0.647131 -1.8059 -0.0364791 1.13781 -0.685932 -0.331178 3.16192 -1.18183 -1.97889 1.24285 -0.475999 1.93317 1.26007 -3.50332 4.30792 
-5.9913 -2.46966 4.09364 -4.20966 0.940261 -2.24348 3.33509 -2.23112 -3.79559 5.58714 -3.39859 3.23705 2.25679 -4.17925 -1.66327 2.97079 0.417882 4.38083 -2.21569 -2.69431 -2.3551 3.80313 -3.78239 -0.786929 3.67425 2.61046 -2.21293 0.757417 -1.57947 0.0337541 -3.68466 0.279233 
-0.285908 -2.64102 -0.280431 -5.39565 -0.0344988 -1.79534 -0.976767 3.11991 -3.45819 3.17465 -1.19304 6.6486 0.545396 2.59369 3.26939 -3.28672 1.82453 -4.9963 -1.73103 2.51943 0.956836 0.536584 0.482497 -0.218915 -2.00296 3.11957 2.3885 -0.232424 -2.59668 -4.34616 -5.10319 1.96742 
-1.53718 1.56638 1.12177 -0.021675 -4.17896 -5.605 -2.05176 -1.58715 2.11965 3.4052 -2.78855 -1.28496 2.04889 3.53083 0.878321 -1.87658 3.68454 -2.10271 -4.50716 -0.808629 2.68388 0.825341 5.32246 -3.56908 -1.80509 1.36096 3.4485 1.64823 1.8648 2.59531 0.86565 4.27762 
2.31168 5.03742 0.605948 0.882726 4.88242 2.50419 2.94558 0.352066 1.95938 6.20702 4.21711 -0.541724 3.08786 -0.0545706 2.73169 1.02239 2.69272 4.57454 -3.13624 -0.073399 -0.350123 -1.46378 2.10752 3.89479 4.14718 1.00602 -0.806977 -0.338022 -0.648675 2.50867 1.7896 -4.38699 

-0.303909 -4.25445 1.34573 1.52851 3.09974 -1.75869 -4.46942 1.10912 0.498334 -3.90232 3.0174 -0.363809 1.19311 -1.20091 -2.69142 -3.06416 -1.47637 -1.57765 -3.48756 1.2235 0.608569 1.36996 1.46829 -0.694252 -0.374021 5.21131 -2.58227 -4.0727 2.26999 -1.04267 -2.40969 -2.88392 1.65288 5.88605 3.79459 0.202611 -0.422643 5.37516 3.46173 3.72569 3.32285 1.32913 -1.78812 -0.334038 -1.12178 2.17047 2.9518 -1.34816 
3.04281 4.61424 -2.27465 0.601384 3.5342 2.84364 3.55713 -3.18982 3.80495 5.22486 -0.312521 -1.17506 -0.367816 -0.872209 1.09102 -4.16494 1.06384 -1.4644 -0.312329 4.29119 -1.83923 1.8994 4.36688 -4.26639 -1.32147 -3.17123 0.849576 0.306751 1.74923 0.451375 -4.9914 1.74205 -0.384387 -3.31606 -6.10657 -2.60019 -2.02242 5.90056 0.259986 2.13253 3.57542 4.49746 -4.79253 -1.64239 -1.22474 2.94849 0.842666 4.38909 
-2.46591 -1.31966 3.23029 -1.55514 3.32974 3.34717 0.828471 -3.74173 4.42594 -3.17195 5.91502 1.92517 1.22942 5.17362 -4.18279 -2.20496 -3.89244 -4.53935 0.944846 -5.56486 -3.48879 -3.04517 5.01768 -5.06337 -2.4977 -5.22485 -1.85576 0.827552 3.77364 -4.3631 0.966644 -4.14227 -0.532761 0.24693 0.952582 -2.35302 -3.3559 5.43105 2.35525 -2.87996 -5.8909 -0.179723 3.2952 3.78852 -1.9561 5.16242 -5.66644 0.201459 
-3.02694 2.52841 1.8866 -2.26573 4.63324 1.15428 -3.6791 -3.91446 4.37943 4.41514 1.46309 3.00306 3.70204 -1.82027 2.51079 -3.18072 2.37666 -3.18663 -0.68374 -4.02924 -4.40557 -3.17849 -2.0592 -3.64647 -0.308209 -3.914 3.19205 2.88569 -4.20158 5.67561 0.937147 -2.97852 -0.245982 -2.62625 1.10575 -1.06274 3.67803 5.87666 2.27279 1.10746 4.8418 -1.41412 -3.13948 0.693838 0.115609 -5.77869 5.36312 0.0422704 
-2.91532 -1.37062 -2.13697 -1.27089 1.80089 2.45383 0.232634 -2.75732 1.88983 -2.02531 -3.52163 2.23824 -1.4997 0.465517 -6.19028 5.20431 4.48927 0.365479 -1.60843 3.0173 -0.407864 4.61436 -2.22525 -3.41607 -4.94976 0.0852758 3.02777 2.71585 1.85659 2.34089 4.90812 1.69127 -0.579731 -0.578848 -4.72962 -5.72884 -5.97502 -0.546991 -1.53616 1.06481 4.07769 -2.00779 0.55305 -4.37201 -2.19227 0.112774 4.18231 -3.753 
-4.37175 -3.17612 1.7143 1.27039 -4.31176 5.23905 2.70432 -3.81152 -0.425674 1.78209 1.65433 -4.61909 1.67298 2.01245 1.02218 5.34325 -3.1164 2.94255 5.36441 -4.24142 -2.45444 -1.02174 4.37339 -2.32674 3.62047 0.376438 -1.84875 5.9782 2.03921 -3.71644 5.2752 1.61747 -0.842568 0.939494 0.137854 -3.00433 0.428544 -2.60782 2.23415 -4.84713 -2.37573 0.838484 -2.81622 2.34725 -1.69906 2.75596 0.140502 -2.66546 
2.64852 1.55491 -2.95688 5.64408 2.38317 -4.33349 -5.13266 0.553639 -2.40705 -3.33141 1.38184 -4.31784 -3.09786 1.80704 -1.85037 1.20958 -5.40347 -1.96252 -5.44475 3.47508 3.87966 -1.3606 3.17795 2.15393 -5.37211 -4.78827 1.45118 -4.32118 5.21769 -3.55832 -1.23664 1.21621 1.64659 2.15649 0.510289 0.679765 3.873 1.12763 3.6834 -4.28405 4.44622 -2.48476 -1.05189 -4.10164 2.07228 -2.25226 1.95794 4.51881 
3.03523 1.66319 2.24389 0.864886 0.252587 1.77184 -0.0311866 -1.46953 1.53357 -5.23001 2.3593 1.30126 -3.63833 -4.02734 -2.93253 2.85827 4.17915 2.42776 -2.51197 1.70215 -2.49462 -3.67857 3.4681 -3.1984 0.786678 -3.33379 -2.15004 -2.29104 1.66395 4.6579 -5.32223 1.94918 3.27108 5.07166 -2.63593 -1.92633 0.793501 2.18288 4.75414 -2.22293 1.50287 0.763441 2.12832 3.01454 1.8861 -6.25421 0.72281 0.315246 
1.32355 2.76084 -2.23261 -3.32107 3.63228 -3.01451 -2.86947 -1.63105 -1.1983 -1.96951 1.52791 -2.58435 -1.86161 2.55569 2.41483 -4.34053 3.37735 3.1289 0.683144 -0.679149 -0.738218 -0.912711 -0.152082 -3.18535 4.70073 -0.473758 4.9792 -0.0631705 -0.0779675 -1.84799 -1.89792 -3.30442 -1.23715 -0.180532 -0.275494 -4.55487 3.75496 0.805035 -0.435921 -3.79334 4.28553 -2.25801 -2.12769 -2.72608 -6.05232 3.33714 -2.21661 3.07503 
2.21604 0.316533 -2.45412 -4.87217 3.35382 2.5438 -4.40752 5.00455 -3.07996 4.52168 0.691381 1.39207 -0.676312 1.24346 4.43765 -0.0634626 -1.08708 -3.68784 3.53166 -2.48212 2.26719 -1.75426 -1.12546 1.40272 -0.662267 1.29684 2.32663 0.535412 1.28399 -4.43998 -3.03956 -2.54997 1.92656 -0.343679 -3.17214 2.83038 -3.54988 -2.42966 0.28493 -0.57984 -1.25798 -4.77369 -5.53777 3.51571 4.31977 4.64988 1.30225 -2.21731 
-4.78796 -1.81609 -1.04943 1.42923 1.57965 2.67511 -2.61805 -4.23262 -2.97805 -4.84141 -0.0472051 3.45594 -4.43139 4.46324 -0.0440302 2.34516 -2.53044 -1.96617 -1.17446 -0.630323 4.95417 3.66047 4.83984 -4.15381 -4.46322 -3.74793 3.6119 4.40655 -4.84805 -0.835857 -3.56076 -2.386 2.79805 0.239815 -4.60677 0.727701 -0.435077 -2.37482 2.24508 4.73687 0.333769 -3.25212 3.34281 1.65238 -3.93889 3.94878 -0.252457 -0.119328 
-0.167389 3.72309 4.70035 -3.66322 3.73356 3.19019 -4.46703 5.62034 3.99226 -4.50513 4.87689 7.59421 -1.09099 -3.83386 -3.54179 -3.14294 0.355951 -2.09856 1.83476 -5.52913 1.57662 -0.770155 4.65775 -3.23961 1.42772 3.15056 5.06277 0.238838 1.34934 -0.339691 -3.83049 3.93195 -2.66661 5.11986 -4.88127 -1.38305 1.96005 -3.2983 -3.01271 2.0023 -1.75343 -3.58581 2.64651 3.80558 -4.96968 3.95472 -5.38736 2.33627 
-4.79384 3.3974 2.55715 2.83278 -3.12275 0.864896 -4.35683 3.45497 -2.63454 -3.84406 0.343808 3.8648 1.56625 1.36332 3.24675 4.94964 -1.66682 3.51548 -3.98341 -3.95678 -1.63281 -0.346112 4.39552 -0.0362453 -3.28192 -0.807962 -0.480667 -1.9016 -1.40324 3.48197 -5.91533 1.35292 -0.0706266 0.89182 -0.664298 4.05662 -3.39328 2.52887 1.46159 -0.877828 4.43481 -1.2446 -1.56303 -0.648947 1.36872 -3.76628 -0.549307 -2.14811 
-4.50079 -1.18271 -3.35489 -2.18361 3.32117 -3.20936 -5.86985 -3.31075 2.33268 -1.50052 -0.662353 -3.02056 -4.66855 0.67232 4.98236 4.61083 -2.98586 -1.43194 3.21744 -1.52914 -4.05307 -1.07097 5.74303 3.43174 1.03443 -2.77 -3.86721 -0.646852 -0.486281 0.733485 -1.24496 0.462925 4.10077 -1.54985 5.22932 2.27194 2.19079 6.60946 3.21119 -1.22653 -0.941057 -1.70116 1.50291 1.9404 2.62116 -2.86474 0.80122 -6.1147 
6.55332 -1.73133 1.10616 -3.24974 4.1477 -0.400816 5.932 -0.867867 3.17918 -3.98521 1.53528 -2.7571 0.998272 -5.45968 3.45583 -0.0509575 0.240475 3.53514 -2.62901 -3.91873 1.99461 3.33218 2.40474 -1.09645 -3.21898 -0.642357 -5.20605 -6.04782 2.24291 0.445167 -2.81252 1.84623 2.66383 2.84364 1.94649 3.16153 -3.00718 1.52848 -3.75634 -5.57799 2.99327 2.62895 -2.28509 -0.558457 4.11927 -2.77926 4.24059 -1.69026 
4.10588 4.66157 1.94101 2.15049 3.74375 -3.20425 -4.69596 -3.72523 -1.39661 -2.95202 -1.62304 -3.4037 3.24315 -0.485559 2.39253 1.65698 -1.59192 0.68902 -1.83149 -0.0490931 -4.7325 -0.437822 1.62291 3.71077 -2.65888 1.48782 -2.59768 -3.08961 -2.54144 -4.1071 2.47013 -5.08556 -4.89553 -4.63886 1.91492 3.99823 -1.79311 0.268959 -3.677 0.160279 3.36694 -1.65004 2.20658 -0.939908 3.0144 -1.45089 -5.03293 -4.62752 
1.68813 -1.71441 1.67339 4.50563 3.29777 -1.5537 3.06641 -3.61111 -1.01587 5.01872 -2.15072 0.692684 -3.03837 5.16941 -0.442879 -3.3839 -4.91945 -0.377957 -2.73567 -1.86256 -4.959 -2.46267 4.04772 2.65795 1.33729 -0.0957031 0.168037 0.101693 3.60341 -0.614889 2.42418 1.34153 1.9207 0.447567 -2.90283 0.668464 3.44387 -3.18643 0.407354 -0.922002 -4.5177 -8.39337 1.32068 -4.20608 6.42604 -3.0722 -3.33997 -3.0434 
2.59985 -2.72565 -1.25596 0.690848 -0.938314 -1.75825 1.79879 -3.25102 0.896052 -4.98317 4.70067 0.549457 -1.04806 1.07485 -2.65901 -3.37736 3.37241 -1.31184 2.7411 2.26628 1.55173 0.0984581 4.99428 2.18403 -3.44491 1.46496 2.52795 -0.0688661 -4.95723 0.737981 0.537729 3.69261 -3.83766 2.93176 -0.466541 0.374021 -4.87648 -6.51775 2.273 4.16957 -3.95092 -0.276332 -2.83097 0.451024 -5.25149 -0.639979 0.123664 3.57093 
2.59818 -2.88523 0.687211 -0.100089 0.863226 3.83149 4.23394 -3.23168 0.446455 1.0119 -0.250549 -1.46078 -2.50012 4.23718 -3.81817 -0.287788 2.61894 -1.53471 4.33623 3.49246 -1.70246 2.05923 0.412036 -0.203376 -2.1671 4.53106 3.89765 -2.56859 -0.958915 -1.42869 -4.44766 -3.51074 0.23608 3.18955 0.639175 -0.150694 0.371043 3.02312 -0.332377 3.8675 -4.41499 -3.63293 0.556718 -0.565112 6.35425 0.38855 0.6971 2.9232 
6.10384 0.183333 -0.234337 1.05138 -5.30744 -3.1723 -4.30199 -2.02454 -3.49124 -4.35435 -1.54312 -2.00015 0.566965 0.659219 0.539112 -1.04696 -1.00123 -2.47171 3.35235 -3.98019 2.1014 -2.73003 -5.86269 3.43641 0.287047 -0.155969 -3.1787 -2.7087 5.98258 2.3684 -4.3355 4.83642 -1.09827 0.580162 1.0378 0.844299 1.95786 -0.814192 0.969763 3.61662 0.581461 -4.22336 -2.93353 -3.10157 1.28586 3.05558 -1.69853 -2.16537 
4.53387 -1.99618 -2.19556 2.68527 -1.07621 -1.70824 1.87169 4.36084 1.78579 2.04299 -1.69786 3.21837 -0.438606 0.616639 2.90479 0.913128 3.9468 -2.40741 -4.29257 1.95466 1.0284 -1.17281 -2.27872 -2.94014 1.25383 -1.26224 -0.591714 -0.51031 -3.65666 4.05976 0.97432 -4.27279 -1.58642 4.52876 6.26249 5.78737 -3.52948 0.284177 3.49821 -6.59369 -4.02283 -3.34965 3.57468 2.48856 0.0169868 4.02946 -1.74831 -2.98621 
3.77206 -1.79088 3.51845 2.65045 4.28631 -3.61027 -3.93969 1.59014 2.67749 1.2186 -1.97017 -4.02917 1.32836 3.25415 -3.75196 5.49193 3.23291 -2.33947 1.6293 -3.34657 0.394708 -0.922493 -4.49026 4.22188 -1.22215 5.13442 0.66044 3.64484 -0.786117 3.16213 -3.89137 0.235939 -3.47875 -6.12292 -3.16361 -4.94244 -2.18319 -0.753293 1.1977 -6.1557 4.41531 4.67752 -7.73487 -0.306339 1.88167 -1.83682 -2.36441 -0.0354169 
-1.72629 6.81489 -0.0319839 -4.08158 -1.3576 0.327758 4.09029 2.87025 2.11218 -1.59927 2.56509 -2.62394 -3.28714 0.823723 1.562 -1.91589 3.1508 5.64839 -2.90833 -4.48239 -2.9549 -2.96063 -2.48809 -3.6896 4.16689 -2.97295 2.05406 1.49856 -1.45978 4.83966 -4.58686 3.76393 4.40455 3.83116 4.23234 -1.80306 -0.691083 3.17264 -4.0828 -3.72891 -1.47663 4.23229 -2.70285 -0.813769 2.90601 3.70915 1.22034 0.0068142 
2.70754 3.46201 1.57443 -3.89737 3.85138 1.23634 -1.53696 3.46827 2.21339 3.8671 -0.783173 -0.496391 3.85676 0.37997 -3.98246 2.8113 -2.43887 -4.30012 -2.94175 4.42005 5.52252 -0.0745556 4.04114 -2.90411 -3.69227 -3.21171 2.63212 1.66375 -5.85256 -1.59754 -1.07944 2.60497 -2.98552 2.64499 3.85761 -2.78415 0.83133 -2.52936 6.73412 0.294717 -4.71226 -1.89905 1.94833 3.6945 -3.36908 3.71586 1.9558 -0.957954 
5.46575 1.16405 -1.68791 4.33827 -4.66051 -2.49677 -1.61584 -2.60277 -1.45848 5.56627 -5.18902 0.838953 -3.58126 -1.71846 0.0939261 0.0832131 -2.72347 -2.09847 0.349067 5.35786 0.822177 0.133188 -1.59742 1.85992 -4.51586 -3.5991 1.60442 -4.83495 3.16677 -4.58978 0.8571 2.88251 2.62427 5.81919 4.17078 3.41377 -1.82758 -4.09506 -2.539 3.06394 -4.57879 -2.57802 -3.04711 -1.81005 0.253517 3.09682 1.32316 2.38005 
-5.65165 -1.97777 0.787905 3.62053 2.70542 1.94048 -0.869554 4.83955 1.99138 3.48487 -2.74539 3.30815 4.04509 2.06171 2.54066 2.71936 3.9309 0.661445 0.983132 5.45332 2.61638 0.29413 1.56726 3.7876 2.56611 5.17014 -2.57245 -1.43038 1.61696 4.80071 -5.70033 3.21531 -2.62706 -1.56243 0.785834 -3.57164 -0.871944 2.66628 -5.68209 -2.23056 -1.09885 -3.27748 -6.47241 -0.403764 5.13423 3.31825 -4.0344 1.51513 
-0.270304 2.09873 1.81844 0.496079 -0.0571397 -2.3643 -1.76633 -2.34103 -3.24415 -3.08878 -0.421411 3.82281 -3.13807 -0.371742 -0.211886 -2.11513 -6.48417 4.82395 -1.73678 1.39389 1.74023 -2.26887 3.11333 -3.00863 -0.996349 5.69091 2.63761 0.787878 4.15916 1.65321 -2.547 -2.16114 1.00194 2.62145 2.28494 2.4948 -4.89285 2.06861 -4.09623 -0.887006 4.42983 1.53236 -3.1142 -5.65824 -1.58939 1.82391 -3.82337 0.976445 
-1.80214 0.48985 -3.67967 -5.21191 -2.12902 1.88366 -4.27053 3.52463 4.22457 1.71708 -1.73749 -0.966264 -0.579713 0.565516 2.6226 2.57223 -1.96304 0.957537 3.51703 -0.205886 -5.12385 4.57079 3.75711 5.35599 0.953149 4.89291 -5.75225 -3.38624 0.666822 -0.825622 0.940208 4.01468 -3.08577 2.71054 3.95278 -1.26479 -2.3558 -4.56776 -5.89015 -2.38123 1.69932 0.222358 1.20251 -4.33039 -4.06213 -1.0249 4.89183 0.0248391 
2.98264 1.75886 -5.03105 4.50879 2.37965 3.57606 2.61478 -1.5172 2.71897 2.61253 -0.653435 -2.36421 -3.06309 5.43677 -2.29953 -3.99886 0.897313 -4.09675 1.08635 5.49151 -4.11451 0.646193 -5.63972 -6.06519 -5.48145 3.71279 -4.04558 -4.09357 0.237898 -1.90375 4.68126 -5.52946 3.20511 4.50022 4.12933 -0.165238 2.02628 2.19411 4.96756 0.495246 -2.44336 -2.33587 2.68104 -0.0564505 -0.849098 -5.96849 -0.105315 3.39822 
-3.41524 -3.86897 2.53973 -1.47975 0.727226 -4.64999 0.00506199 3.09578 3.61281 -0.690521 4.4522 -3.0993 4.65573 0.683466 -3.77876 2.11084 -1.46632 -4.49942 -2.3044 4.50996 2.24469 -2.18684 -1.34479 -4.74867 0.927292 -7.41376 0.0448813 5.82819 -3.73225 -4.31043 4.07641 -3.79749 -1.5294 3.56614 0.472763 2.84782 4.96615 -3.17218 -1.0064 3.12896 4.2873 -2.6042 4.57966 0.493031 3.52927 -4.34909 -2.54613 5.41295 
-0.998517 -1.20054 2.97291 3.09617 2.06263 -5.32188 4.9975 -3.96008 -3.38564 -0.107615 -1.78189 -1.36789 -0.468048 -2.25548 -0.315376 1.65255 -4.73934 -3.19261 -0.0496237 -4.02319 -1.51479 4.99398 3.05577 -4.77749 -4.56022 3.08543 -0.334455 2.91905 -3.41366 3.76941 1.982 -2.26218 -2.88112 1.30491 -2.21601 5.5315 1.73303 -3.5685 -2.67858 4.09739 -0.326118 -1.41046 -4.5205 -4.14417 0.884059 0.314126 1.75838 0.694719 
0.771512 -4.04124 2.12153 -4.39328 4.60274 1.5273 -3.12076 -3.90748 -2.33727 1.99478 2.36157 -0.000929993 0.614194 0.693569 1.98689 0.78307 -3.45152 -5.97912 -0.935426 2.23151 -4.09762 1.536 1.4789 1.92626 -2.92447 1.8084 1.73209 2.50959 -1.82747 -1.95952 -2.24569 -3.50596 -1.15076 4.12584 -2.44924 -0.198021 -0.396857 -1.92 3.1445 -5.78412 -2.37522 -0.243933 0.264945 0.388977 4.39964 -2.59816 -1.27795 -3.60188 
-0.727282 5.33662 5.57963 1.8251 2.62262 0.108528 -3.79864 2.74815 -1.43307 3.08345 -0.192258 1.58946 -1.92607 1.21205 2.3335 2.67317 2.58789 7.43427 0.925147 -2.05896 -0.535732 -2.28035 -1.19309 -1.36095 -0.374288 2.42186 4.47803 0.0753472 -4.72631 -4.64992 1.02346 -0.00358962 -4.1633 0.85309 -3.62849 3.00932 -3.28838 -3.17714 3.30747 -0.771451 -4.94369 -3.53479 -4.93199 -1.41976 2.22726 3.75151 -2.39659 0.565156 

3.03578 3.37856 2.75619 -4.74996 3.5482 -6.58689 1.4391 0.423914 4.58496 -0.732875 5.94926 -4.09134 -1.1328 2.12272 -1.64493 1.3539 -5.77419 -0.423427 1.31321 -1.51257 1.24944 -3.52932 2.86598 2.35575 
-2.51411 3.98399 -1.21401 4.86315 2.8855 -1.7606 -2.12169 -0.42872 -2.33204 -2.1155 1.17132 -3.33384 -2.95239 -3.13958 1.64007 -5.31743 -1.72245 0.639333 -3.65877 -3.50525 -0.887943 1.94629 4.19865 -1.21213 
-2.12713 -0.23814 -0.274695 -2.4277 1.38254 -2.25871 2.97805 2.51843 -5.82472 -5.48596 -0.76842 2.81078 1.20344 4.05989 -1.86794 4.3214 -3.80561 1.75339 5.53755 -0.708007 -4.13619 0.527625 0.924564 1.09135 
-3.38304 3.61579 2.7361 -1.82099 -0.487916 3.58475 1.51689 3.13495 -3.30339 -1.50781 2.25725 3.82915 -0.416522 0.385307 -2.40242 0.108757 1.54935 4.67916 0.469539 -4.19721 4.78904 3.1516 4.97418 -4.76657 
4.25499 5.36174 -0.0245765 4.0688 1.33936 -4.55001 0.910149 -0.193679 2.11578 -1.50375 -4.76466 -4.12214 -3.669 2.50222 5.96281 -3.6224 4.94441 2.17007 5.95675 1.47789 -3.79463 -1.59567 -5.96335 5.60472 
-1.46652 0.256189 4.45751 -4.52747 -2.04221 0.981695 -5.04404 4.06278 1.49343 -1.11862 1.48157 -3.2172 -0.818634 -2.75828 3.23912 -1.45286 2.68797 3.02445 0.175006 5.96897 3.07668 0.687819 -2.50343 0.171091 
-2.89211 -1.99668 -2.30102 -0.936739 0.0576449 -4.31437 -1.98202 4.04113 0.491821 -3.57451 2.86365 4.19961 4.35719 2.96961 5.21239 1.30062 1.50099 1.84396 -0.366582 -5.06764 3.63568 -1.67746 -0.470501 2.97366 
-0.50301 -1.5455 1.09262 2.92367 -0.507677 4.33919 -0.855242 3.55021 -2.80749 -1.00626 -4.03653 3.00016 0.729373 0.631455 -0.208717 -2.42881 2.20695 -0.695063 -3.07919 1.11414 -2.27545 3.3832 -1.53524 4.67553 
-1.42284 4.44818 3.25789 -1.73716 -1.17929 -1.76261 -5.7135 1.3677 0.941893 3.22912 0.0413716 -3.81578 0.918312 3.73613 4.28443 0.860823 -2.72013 -1.6021 -0.0890212 3.45924 3.27935 3.05226 -3.81956 -2.6637 
-2.7928 -2.04876 -3.99956 0.981744 -3.51556 -1.5848 -0.392721 -0.688402 -1.08662 -0.784832 2.42444 1.08409 5.60256 1.86094 -1.7982 -0.705551 -0.959943 2.79317 -0.271334 5.70837 1.0793 -3.53691 0.819192 -2.89083 
0.61099 -6.21983 -4.88159 -4.55966 3.18243 -4.45115 -0.873355 -4.16037 -1.6499 2.67708 2.27138 -1.81546 -4.05772 -5.07135 1.74613 -0.294338 0.493823 -0.679427 0.439754 2.44638 -2.76849 3.49155 2.69083 0.821568 
1.73472 1.16949 0.779937 -0.535985 3.68259 -2.35087 1.72318 -2.65642 -1.0207 0.791594 -2.06608 -2.08827 2.69044 1.61056 -0.798635 4.69054 0.937649 -2.77726 -2.57492 1.72993 -1.1986 4.32121 -4.0144 4.14522 
-0.908218 -1.72465 -0.658401 0.273293 -4.5831 -0.417573 -1.35514 3.20162 2.30192 4.5748 -5.78437 -0.065492 -2.62607 -0.111187 2.12808 1.20323 -4.16959 2.812 3.66496 3.97085 1.97257 -0.783674 1.41139 -2.53978 
-0.210933 4.58647 -4.45985 2.24046 5.55768 -3.02426 4.53568 -4.10054 0.701094 0.827282 3.72275 3.66799 1.05971 -1.28239 -0.980391 -1.78837 -3.95759 -0.11476 3.89614 -1.43366 4.32405 -0.0257766 -3.88044 -6.49554 
0.936227 4.03452 4.12531 -1.64121 -3.69915 0.986706 0.66901 3.93992 0.123175 1.35916 2.83038 0.530854 4.3849 2.21606 3.98031 0.535999 -3.90665 1.65307 -2.14601 2.60306 4.32068 2.6236 -4.33531 -2.98691 
-3.54116 5.31083 -0.77057 -4.96711 -3.46495 -0.101006 -5.41265 2.92128 0.283518 5.06267 -3.86993 1.43437 2.09937 3.14908 1.12428 -5.02745 0.558239 -1.49533 -0.546597 -0.806856 -1.42927 -3.51628 4.27914 -2.88593 
5.38679 -3.91687 4.56713 3.65747 3.25673 -1.91818 4.32056 4.86558 3.44264 0.19999 3.84847 -1.87231 6.44898 4.18582 -4.70104 -1.4175 4.09849 -2.52097 -3.63313 -0.452134 3.07811 3.24115 -0.629584 -3.91365 
-3.40418 -3.92618 2.8295 -0.283452 0.107536 -1.04136 3.48062 -0.855678 1.39177 1.09775 -0.248211 1.59851 4.02957 -1.67765 -3.18592 3.52221 3.07234 -4.18745 -5.0001 1.67132 3.64838 -3.65114 -4.89617 3.49687 
-2.5221 -1.8793 -1.50526 -1.89399 -3.78815 5.11515 0.242362 -1.44233 3.93897 -3.27814 4.92422 -2.90349 1.4305 1.75484 1.99083 -1.42773 -0.497408 3.89262 3.52078 -2.21784 -2.63503 4.28486 -2.94563 0.187306 
-3.85259 -3.99573 0.00862899 -5.35421 -3.99687 2.96245 2.99266 -0.768977 -3.76685 -3.6626 0.687033 -2.405 4.20255 -3.32061 -0.797332 3.89152 0.351253 -0.423115 -2.36197 -3.06825 -5.01828 3.27885 0.0540185 -0.965684 
4.42147 -1.8752 4.06648 2.73644 0.559656 -1.92916 4.37374 -3.24293 -1.67489 0.132371 -0.14714 0.0782355 -1.75517 -3.20448 -4.94074 -0.672025 1.88292 1.79629 3.27297 -0.864533 -4.57431 -1.77436 -3.02301 0.926939 
-0.647473 0.365011 3.30869 3.98425 0.893865 2.71271 -2.43143 -4.33466 -5.2125 -1.11496 -1.04823 0.797157 0.00588705 -5.12449 5.10423 2.281 1.65789 -1.69291 -4.29077 -4.64729 3.25261 -4.08151 -0.169314 -2.71447 
6.16478 -1.14634 3.37099 4.34047 -0.770697 -1.80202 1.01741 -5.06817 2.81299 0.676094 4.06608 -4.14315 -2.9612 -2.31535 -1.22781 -3.6237 1.71969 0.173962 0.22346 -2.52442 1.09948 -1.02231 2.80658 -0.592639 
-4.56523 3.36581 -1.58993 4.13738 5.3343 -6.00924 -2.2271 3.04908 -0.205581 -3.7061 2.53955 3.57372 -3.65813 1.10695 -3.34445 -6.29514 6.03305 3.77164 -1.08828 -4.47815 -0.0937136 2.83391 -4.15185 -4.42402 
-2.44213 1.82161 -1.79844 -3.79265 -1.05071 -4.44186 0.164707 -1.96593 5.57395 5.52478 -1.77855 2.45825 -4.73446 -1.85565 2.15732 -0.0900421 -1.01175 1.94687 -3.16632 2.58012 -5.09618 -0.160766 3.23499 -5.11313 
-2.43913 -1.2033 -2.64128 3.81716 4.38061 -1.64313 1.84314 -2.61152 -2.57152 -2.7053 -3.05417 -0.57223 -5.89716 3.46053 1.41184 -4.57321 2.93531 -6.71672 3.33503 3.95085 -1.92237 2.44236 -3.38919 2.81588 
-1.36077 0.694491 -1.554 -2.80695 3.28372 -1.96901 -1.87008 -1.30541 -1.32231 0.33864 -4.13825 -2.69169 5.34551 4.65489 0.446787 -4.47602 1.69959 5.54261 -0.198248 -5.14757 2.35315 0.263588 -3.97079 0.738464 
-2.50313 -3.08575 -1.96068 3.42451 3.00661 1.60013 -0.109613 4.09584 -4.95538 -2.91361 -2.06111 -4.12166 -0.0326209 0.918812 -1.17706 3.49507 -3.89255 -0.765312 -3.14662 4.50296 -1.86043 5.15016 6.07694 -1.71084 
5.24278 -0.771308 -2.30841 2.14593 5.54228 -0.229199 -1.06561 -0.0108486 0.335049 0.0237098 -2.63634 -2.70834 -3.82616 2.40404 -5.56251 -2.43154 -4.15957 -1.57362 -0.503198 0.0578129 5.39519 3.16974 -2.19711 -5.74736 
-1.24557 -0.493738 -6.3944 0.244004 1.90643 -6.36746 4.28316 -1.00079 0.411234 -4.97525 -1.90487 -0.0964858 2.94555 -2.92047 3.24267 -5.7694 4.05324 -3.64368 -1.22774 5.07707 -5.18963 -1.64025 -2.80447 -3.5992 
1.63613 0.342334 1.00861 -0.218677 -0.737925 4.5615 0.683967 1.3665 -0.18224 0.93957 -2.33949 -2.82581 -0.577887 -4.40633 3.42339 -5.91665 -1.53158 -5.43147 0.636861 4.16398 -0.201949 -1.57047 2.64458 -2.19871 
-1.56415 5.06684 -1.67164 -1.60378 -4.42341 -3.22611 2.04701 2.96272 4.06623 -2.99437 -2.40596 -4.2217 -2.38287 4.92801 3.7948 2.88488 0.717577 -3.69469 5.50907 -5.01031 -0.551015 2.58246 -3.07696 1.56741 
1.40099 2.1099 -1.51861 -2.45096 -4.61058 -4.62403 -0.999674 1.37527 4.09281 2.17869 -2.67851 -4.58061 -3.79742 2.4185 5.03211 5.7188 4.27413 -1.92385 -2.75289 3.74126 -2.44584 -4.40809 2.97614 1.02174 
-2.35278 0.635212 3.56143 1.34621 -0.432325 4.43446 -3.43638 -2.08134 2.29436 -1.60499 0.317701 1.93379 -1.37903 5.36803 -1.84094 -1.53622 2.09671 -2.66945 0.533171 2.84929 3.99905 -0.184718 2.2181 1.92318 
3.04143 5.5152 2.61444 -4.25441 -5.24289 -0.759421 3.41733 -0.945665 -5.27421 1.52875 4.65054 1.84347 -4.28678 -5.13584 1.01213 4.35758 -0.690833 -0.820172 -1.25864 3.38014 -4.20215 3.25042 4.29392 2.14457 
-4.56903 -1.22291 -0.156141 -5.41998 3.14237 -3.08804 2.5532 3.4338 -5.12284 2.41764 2.2294 -1.91573 3.20822 1.69672 0.188603 -3.31599 4.47548 0.289146 3.37748 -0.761304 0.903307 -1.0604 -3.35373 4.76247 
2.36943 2.03764 -0.307386 3.31729 1.93806 0.0365317 1.51185 3.41903 -1.83638 -4.09429 1.04905 -5.04401 -1.13233 -1.24774 4.4398 -1.40518 4.2199 0.919192 1.82909 4.37812 -3.73408 -3.1323 -3.18787 -1.40861 
3.50684 0.839605 0.580089 0.160149 -1.47079 2.97636 -1.12738 -4.55136 -1.336 4.31524 3.61593 -3.04794 -0.498232 -0.0222215 0.421094 -0.484611 -0.766509 -3.07985 0.221381 -1.24884 2.6224 -0.788823 -4.20402 0.492302 
-5.91963 1.27508 -0.879579 -2.70372 2.69277 1.68255 -2.56232 2.24962 -3.22785 4.36777 -3.04024 2.25136 1.29413 2.78239 2.25 -4.89187 -0.152376 1.31593 -2.1898 -6.10061 2.8437 3.08129 0.664782 -2.1728 
4.25144 -4.26384 -5.27165 1.72384 -0.80266 -4.62566 -2.93386 0.827709 2.99942 1.33656 4.77399 2.94219 -1.53089 -3.83833 -0.258196 2.19127 -3.12056 4.85157 -1.90737 3.32357 1.28396 -6.30737 4.7817 -3.71842 
2.25856 4.7419 -3.16903 0.852261 0.873188 1.74575 -5.57054 1.77462 3.23192 -5.69219 -2.85154 -2.12074 -4.26785 1.46461 2.95697 3.88156 -1.44883 1.68096 -0.426247 -0.829717 3.29263 -2.53444 -2.28845 -4.37793 
-4.63288 0.95418 3.49564 1.50108 1.59681 1.32735 2.03266 -3.39463 -0.580753 2.21363 0.807628 -3.65756 -3.59061 2.18709 4.16706 2.0913 2.2449 -1.43448 -2.47944 -5.37295 3.68013 5.02753 5.15861 -5.6187 
3.35849 -0.117635 3.50158 0.901121 5.49792 -4.23687 1.07319 4.51505 0.967315 -3.58116 0.266127 -1.08587 -2.60381 -4.95121 -0.530507 1.06543 1.21242 -3.07288 4.35787 3.07181 -4.83579 0.974928 2.71311 3.4591 
3.79045 4.78367 2.33615 3.52058 4.3612 2.94476 5.75188 1.36969 -1.72287 2.00347 -4.07919 -3.47495 3.5166 0.344005 -1.70991 0.533917 -4.78716 3.40622 3.69804 -4.64097 5.10501 -2.88246 1.27446 0.86743 
0.994657 0.182331 0.889238 3.10886 -3.09274 -3.64765 2.31797 -3.55229 -4.61397 -0.195884 4.51829 -4.20277 0.598877 4.22017 2.31692 -5.074 1.67364 2.48773 -0.698949 -3.25976 -0.518263 2.44114 -6.07584 -0.15542 
-0.802635 3.3722 1.55361 -1.74763 -3.76026 -4.12193 3.0698 3.8844 2.4104 -0.590959 0.643258 4.46766 0.911393 -3.08878 -5.43463 4.44742 3.06534 5.73367 -4.00535 0.314218 4.20384 3.76157 1.59022 -0.472518 
1.6993 -5.75873 -3.78227 -3.96896 2.13242 -4.10811 0.425616 -5.32022 3.81409 -3.77077 -2.81785 5.20383 -0.0427014 -3.39804 2.73822 -5.4823 0.260998 -1.46852 -4.96463 -2.47761 0.592706 -4.34926 -4.68019 -0.591953 
-3.4656 -5.03554 4.57226 7.38824 4.17602 3.11249 0.565726 -0.174676 -0.196242 0.433451 0.706359 -4.71383 1.47534 -4.31802 -0.684044 -1.06057 -2.9388 -1.05189 -0.406746 0.9685 3.40007 -2.21852 4.8362 -1.18893 
0.26296 5.02157 -0.316543 3.90567 4.02231 -1.64673 -3.03629 -5.49329 1.46772 -1.51402 -6.55504 -0.406251 3.44846 0.0606832 1.86907 -0.69778 -4.95587 -1.07457 2.43839 2.26947 1.25741 -4.29565 -3.3411 1.36861 

1.60246 1.70215 -1.91289 -1.64747 4.03363 -4.32669 1.71359 -1.45341 -5.05512 -3.75295 -5.39774 4.11719 2.45032 2.11597 -5.9261 -4.53196 
-5.14805 -4.93114 0.511788 4.65041 1.47954 -1.86914 -1.49737 1.97367 3.10629 -3.90898 0.593146 -2.8863 -1.85463 -0.297956 4.23231 0.997831 
-4.6458 -4.33058 -3.99964 3.33783 1.29273 3.76395 -3.56558 0.787607 3.961 -0.513328 -1.14521 0.661317 -4.74736 1.37869 0.379356 -2.04541 
0.0975512 -3.95886 -4.64501 -3.27291 -0.677995 0.807621 2.65077 -2.4217 1.44864 -3.10609 -2.558 2.94401 2.94596 -1.07569 -0.908156 4.05015 
-0.556278 1.4422 1.03798 2.58645 0.656154 1.7224 -4.47594 0.0671546 -3.64093 2.52885 -2.32153 -1.73829 -3.04246 3.50783 -1.63371 2.2051 
3.49897 -1.72871 1.68219 -1.12902 3.92891 -0.517047 0.0992748 -0.0724503 0.026866 2.99127 -2.27844 -3.97718 2.86558 2.86341 4.62298 -1.3407 
0.0556092 1.71096 -2.70425 6.16176 -1.71665 -0.530196 -0.121083 0.39242 -2.85135 0.907389 2.60413 -2.8438 -3.73478 4.02042 4.21129 -3.28581 
-1.65829 2.24348 -1.36483 -3.17938 -2.52357 2.38444 1.59817 1.7533 1.42571 1.46973 -5.27388 -0.85871 -0.216865 -4.6009 2.35059 5.28874 
3.76006 4.49634 4.20051 3.89341 -2.68386 -2.87058 -0.264174 0.814797 3.18681 -4.01005 3.721 -5.69797 -3.93962 5.18229 -3.53378 -0.447916 
0.47577 -2.44862 0.6227 3.1022 -2.51418 -4.12913 1.2055 3.76154 3.39059 1.98163 -4.04717 -1.97627 3.73073 4.05342 -1.53753 -0.35922 
2.79976 -3.08702 0.484187 -1.4341 -1.10759 1.47001 4.23069 -2.77078 5.60997 3.10169 -0.918749 -6.47966 2.23398 1.29747 -1.17757 -0.0402513 
3.99885 6.09513 -2.38805 -4.56532 -2.88401 3.96746 1.94621 -3.44341 0.499082 3.64904 1.53032 -2.42019 2.85246 2.74279 2.37059 2.60221 
5.40577 -3.19523 2.41811 -1.45182 5.52479 4.19881 2.1274 3.28476 1.2505 -2.14135 4.6551 3.13448 3.10612 -1.37247 4.94422 1.65498 
-0.127347 -2.59382 2.23965 0.938646 -4.67637 0.535867 0.845234 3.67271 -1.26509 -4.87445 -4.49748 -2.66263 3.01834 3.92311 3.28958 2.67412 
5.27788 3.85769 -3.3277 5.05267 2.9065 5.4497 7.38743 -0.393004 -5.44164 2.39252 -5.40853 4.91448 -0.82995 -4.7143 -0.380545 0.592704 
-0.358128 -3.29089 -3.01865 -1.3845 0.894975 2.67658 -3.46178 -5.52012 2.65214 -4.30926 -2.43275 1.72048 -3.43615 -5.79317 -1.9554 -3.60827 
3.21453 1.9669 -5.8056 2.77103 0.766604 4.93182 -3.37198 -0.725039 4.57435 -2.73051 -1.86056 -6.5056 -3.49481 3.2089 1.6371 -0.502937 
4.168 4.96845 5.06257 -1.58702 2.49504 -4.44922 -0.157138 2.99717 -3.30848 0.460114 -4.93235 -0.0946322 2.51695 0.662252 1.7471 1.18147 
-4.62085 0.791494 -1.1975 1.59576 -0.926682 -1.51948 -1.87928 -3.90233 4.20002 2.01016 -1.65793 -2.64479 -2.03095 -2.77083 1.40227 -4.81294 
-5.95238 0.114838 -1.24996 1.39266 2.61562 -4.4571 -1.96017 -4.04286 0.853011 0.657484 0.112512 0.619958 -3.53026 3.40961 -2.14857 -1.50111 
-0.348898 3.90393 4.04465 5.67442 -0.665543 -3.28463 -3.07791 -1.61552 2.07552 1.91415 -2.41032 2.49458 2.49332 -4.95804 2.83164 1.39094 
0.906794 -1.46833 -0.266397 -0.727584 -0.175432 2.32343 -0.220439 -0.872421 -3.36908 3.24207 3.99754 -0.549346 2.40168 -3.00103 1.59954 1.40278 
-3.6471 1.09419 -0.472797 1.43736 5.05956 0.69929 1.07184 0.185079 -4.33656 -2.58848 -4.27034 4.50677 -0.296525 -2.38871 1.64771 -2.73973 
3.69296 -4.36869 -1.31731 -1.33247 5.20475 0.0122467 1.14511 -4.21434 4.40432 0.292649 1.28632 1.356 4.84162 1.03586 -4.19121 2.74452 
-3.61995 -0.114011 -0.96812 3.28961 -3.36472 -0.846285 -2.27531 -1.95128 -2.18477 -0.195655 -2.29451 5.06871 1.06564 -5.4968 5.37898 1.4086 

-5.01549 -1.38834 2.82614 -4.66074 -2.92609 -0.578752 -1.02508 
6.02823 4.8639 3.61124 2.83423 2.75551 -3.80289 2.59302 
1.85004 0.727159 -4.47099 -2.76808 -1.73323 -2.08571 -0.86437 
-1.55855 0.813009 3.30086 -6.6042 -3.3315 2.31957 2.91144 
-5.7783 5.54855 -2.92996 -4.74379 -3.38978 -2.85382 -2.45453 
0.334127 -0.682572 -0.729606 -1.18764 -0.668675 -1.36836 -1.10341 
-3.36316 1.17874 2.13961 5.73687 -7.1441 6.41862 -3.38121 
-1.62733 -2.6171 -0.89558 2.26413 5.44591 -0.644716 1.70993 
2.76441 -3.47514 0.0713644 5.43611 -3.97659 4.09141 -5.95768 
-2.21637 5.78759 -2.06221 1.76775 0.855014 3.85818 -2.16989 
5.63634 -5.06018 -1.7233 -3.47682 5.16856 -5.03369 -2.88995 
3.77447 -5.26507 -2.62116 -4.20286 -1.53217 0.433262 3.21127 
-4.53626 -4.16145 3.67119 -2.42185 -4.2866 0.692556 -5.73574 
-1.31318 -0.366037 -3.54343 1.62044 0.271549 1.04436 -0.561804 
4.47656 -1.44746 0.918307 1.0629 0.742362 2.54501 4.23608 
-4.03907 3.26132 -3.80387 -4.5146 3.74624 -3.37503 -4.16746 
-5.33593 4.30824 5.6938 -1.42219 4.09678 2.11499 -0.794042 

-2.93981 -3.54245 -1.07979 
-0.00299754 2.44151 2.32679 
-4.73256 3.66306 0.0211481 
0.45564 0.889626 1.92369 
-4.67605 1.00253 -3.98395 
4.51895 -0.211394 -3.17302 
0.830272 1.13474 -1.33763 
0.926515 1.40971 -0.655089 

4.04059 2.36795 0.788713 3.56839 -1.68527 -3.14629 
-2.07565 2.62492 -2.43874 4.39457 -2.22808 4.85277 
0.671354 -1.51064 4.26583 2.5425 2.295 3.30546 
0.216193 3.96895 0.957987 -0.117755 2.7379 2.89659 

5.15922 -3.08182 -0.81867 
-2.5284 4.49469 -3.35896 
1.36651 -0.814724 4.15899 
-4.19478 -0.596329 -1.47628 
-2.49107 1.87802 5.99863 
2.02019 -0.377409 -3.17945 
2.32296 -4.25606 1.95991 

-1 -1 -1 -1 -1 -1 -1 -1 -1 -1 -1 -1 -1 -1 -1 -1 
1 1 1 1 1 1 1 1 1 1 1 1 1 1 1 1 
-1 -1 -1 
1 1 1 
